[tech4-001.jpg]
moddate=9c50bea329ded301
width=2500
height=1501
text=2;156;20;CHOOL  OF  COMPUTERS;Adobe Gothic Std B;0.083851,0.271060,0.061947,6.283185;v1,4278321152,4278651427,128.000000,1.000000,0.500000,0.812500,400,258,49152;;136;1;S;Adobe Gothic Std B;0.044135,0.219213,0.116113,0.000000;v1,4278321152,4278651427,128.000000,1.000000,0.500000,0.812500,400,258,49152;;
textactive=1
[_MG_0538.JPG]
filters=crop64=1,14be0000bf35ffff;
crop=rect64(14be0000bf35ffff)
moddate=250dbc00a1e1d301
width=5184
height=3456
textactive=0
